5
19
-91 204
-60 165
-92 246
-90 425
-75 504
-69 553
-76 268
-96 375
-81 519
-76 526
-74 500
-80 346
-93 298
-59 137
-106 444
-2 46
-45 97
-79 328
-83 473

3
-286 731
0 179
-231 431

31
-7 344
16 265
-41 187
2 217
22 271
-28 356
45 275
27 306
5 54
-67 450
21 101
-85 481
-61 489
-20 362
-7 80
-90 456
-39 156
-60 412
-51 390
-33 388
-81 514
23 27
-41 174
18 241
11 317
4 121
-44 193
0 340
-19 213
-12 138
-40 421

42
50 266
41 140
24 384
31 286
26 119
12 64
50 272
22 150
28 282
43 255
55 416
43 326
49 157
1 186
35 298
31 227
9 219
18 11
30 145
22 29
37 108
29 314
35 272
-5 194
11 203
0 51
27 164
25 67
29 153
22 40
26 88
-9 186
12 41
10 172
74 417
32 354
-9 60
62 421
22 332
30 246
46 407
33 376

36
81 256
3 68
29 245
-16 56
104 326
111 337
-13 43
38 111
155 399
62 263
117 364
21 153
179 414
56 228
50 178
39 205
35 131
38 163
56 255
-13 39
172 433
61 168
29 89
131 395
-23 47
112 378
65 290
123 371
179 447
-31 51
-6 20
54 129
33 242
77 290
167 400
79 304

